0      -0.000423025
1      0.002502479
2      0.005427983
3      0.008305862
4      0.011183742
5      0.01402607
6      0.016868398
7      0.019681878
8      0.022495358
9      0.025286024
10     0.02807669
11     0.03084766
12     0.033618631
13     0.036373231
14     0.039127832
15     0.041869107
16     0.044610382
17     0.047348878
18     0.050087374
19     0.052838029
20     0.055588684
21     0.058348824
22     0.061108964
23     0.063868934
24     0.066628904
25     0.069386677
26     0.072144451
27     0.074898614
28     0.077652776
29     0.08040351
30     0.083154244
31     0.08590056
32     0.088646875
33     0.091390676
34     0.094134477
35     0.096874878
36     0.09961528
37     0.102352784
38     0.105090289
39     0.107824446
40     0.110558604
41     0.113290469
42     0.116022335
43     0.11875144
44     0.121480545
45     0.124207358
46     0.12693417
47     0.129657635
48     0.132381099
49     0.135103368
50     0.137825636
51     0.140545635
52     0.143265634
53     0.145983792
54     0.14870195
55     0.151417753
56     0.154133557
57     0.156847979
58     0.1595624
59     0.162274913
60     0.164987426
61     0.167698432
62     0.170409438
63     0.173117984
64     0.175826531
65     0.178534399
66     0.181242267
67     0.183948496
68     0.186654725
69     0.189359695
70     0.192064665
71     0.194767828
72     0.197470991
73     0.200173271
74     0.202875551
75     0.205576393
76     0.208277235
77     0.210977005
78     0.213676775
79     0.216374353
80     0.219071931
81     0.221769346
82     0.224466761
83     0.227162889
84     0.229859017
85     0.232554209
86     0.235249401
87     0.237943092
88     0.240636782
89     0.243329863
90     0.246022944
91     0.248714845
92     0.251406745
93     0.254097806
94     0.256788866
95     0.259478102
96     0.262167338
97     0.264856448
98     0.267545558
99     0.270233552
100    0.272921547
101    0.275608753
102    0.278295958
103    0.280981793
104    0.283667627
105    0.28635295
106    0.289038274
107    0.291722496
108    0.294406719
109    0.29709015
110    0.299773581
111    0.302455073
112    0.305136565
113    0.307818055
114    0.310499545
115    0.313179873
116    0.315860201
117    0.318539647
118    0.321219092
119    0.323897031
120    0.326574969
121    0.329252194
122    0.331929418
123    0.334605276
124    0.337281134
125    0.33995585
126    0.342630566
127    0.34530305
128    0.347975533
129    0.350647291
130    0.353319049
131    0.355988928
132    0.358658808
133    0.361326901
134    0.363994994
135    0.366660454
136    0.369325915
137    0.371989234
138    0.374652553
139    0.377312724
140    0.379972895
141    0.382629675
142    0.385286454
143    0.387938045
144    0.390589635
145    0.393237048
146    0.395884461
147    0.398525476
148    0.40116649
149    0.403799997
150    0.406433504
151    0.409057184
152    0.411680863
153    0.414293352
154    0.416905841
155    0.41950396
156    0.42210208
157    0.42468304
158    0.427264
159    0.429823403
160    0.432382806
161    0.434918404
162    0.437454003
163    0.43996102
164    0.442468038
165    0.444943031
166    0.447418023
167    0.449857136
168    0.452296248
169    0.454697427
170    0.457098607
171    0.45945923
172    0.461819852
173    0.464138739
174    0.466457626
175    0.468733074
176    0.471008522
177    0.473241815
178    0.475475109
179    0.477665503
180    0.479855898
181    0.482004093
182    0.484152288
183    0.486258527
184    0.488364765
185    0.490430426
186    0.492496088
187    0.494521568
188    0.496547048
189    0.498533347
190    0.500519646
191    0.502466856
192    0.504414065
193    0.506323884
194    0.508233704
195    0.510106012
196    0.51197832
197    0.513813679
198    0.515649038
199    0.51744733
200    0.519245622
201    0.521007368
202    0.522769113
203    0.524493811
204    0.526218509
205    0.527905899
206    0.52959329
207    0.531242051
208    0.532890813
209    0.534500706
210    0.536110599
211    0.5376791
212    0.539247601
213    0.540771614
214    0.542295627
215    0.543769333
216    0.545243038
217    0.546657811
218    0.548072583
219    0.549418743
220    0.550764903
221    0.552040181
222    0.55331546
223    0.554515578
224    0.555715697
225    0.55686628
226    0.558016864
227    0.559122135
228    0.560227406
229    0.561286992
230    0.562346578
231    0.563359467
232    0.564372357
233    0.565337959
234    0.56630356
235    0.567221133
236    0.568138706
237    0.569008027
238    0.569877348
239    0.570698272
240    0.571519197
241    0.572292573
242    0.573065949
243    0.573792432
244    0.574518914
245    0.575199819
246    0.575880723
247    0.576517582
248    0.577154441
249    0.577749279
250    0.578344116
251    0.578898992
252    0.579453869
253    0.579971113
254    0.580488357
255    0.581005601
